7 0.15683999999999998 0.6393066666666667 0.30736 0.2793066666666667
7 0.23578 0.4456266666666667 0.13683999999999996 0.2175466666666666
7 0.35631999999999997 0.4533333333333333 0.11684000000000003 0.17965333333333336
7 0.42368 0.6266666666666667 0.11893999999999993 0.14735999999999996
7 0.33368000000000003 0.5515733333333334 0.08422000000000003 0.1206933333333333
7 0.47368 0.33754666666666666 0.15367999999999996 0.2793066666666666
7 0.52106 0.38525333333333334 0.11577999999999997 0.19229333333333337
7 0.64526 0.39088000000000006 0.2736800000000001 0.3494666666666667
7 0.7878999999999999 0.5242133333333334 0.2073599999999999 0.30455999999999994
7 0.81948 0.66736 0.34422 0.31578666666666666
7 0.6147400000000001 0.61544 0.10948000000000002 0.21474666666666675