8 0.8377292332765063 0.5047417630846688 0.06194689718151746 0.0942697532885816
8 0.734923868010274 0.36585289641270896 0.04609455461355949 0.062054516224297834
8 0.7172117861806876 0.5644602657923092 0.04428577001511794 0.06823401065985837
8 0.6354872792551023 0.5389786015774347 0.06676103527047558 0.11021265120991335
8 0.5644423241661027 0.5301885592738664 0.04662636301003738 0.07463313257649909
8 0.48746706940595935 0.6127032992642973 0.04596160251444025 0.05890986213624752
8 0.6870221189243162 0.5440948932840582 0.037529895228598786 0.05532595308603685
8 0.3116937139916262 0.877722799813335 0.09338567811919411 0.1524109192410485
8 0.3900231720115357 0.6162922180256563 0.052717477300959395 0.07181791971006904
8 0.21732921689343426 0.4167814234675681 0.059207447889239775 0.07843666910778994
8 0.443895424423582 0.3702754376504151 0.06221280137975629 0.10055906146468223
8 0.33700556748750493 0.1076668963328982 0.06013811258307579 0.1004492477241421
8 0.21071863534032031 0.352810176494967 0.0745279820607198 0.09807328981987244
8 0.2790750958002291 0.2048616762284499 0.04662636301003738 0.07463313257649909
8 0.20132681071394076 0.15877503983043822 0.06790505937332 0.08830988633410124
8 0.14471192875752992 0.17589095422124698 0.028832283744518496 0.045452735859725556
8 0.38303682630359176 0.29191865731784966 0.06207984928063693 0.09741440737663191
8 0.4016286181638272 0.24387033607277422 0.05050983640515943 0.06856345188147864
8 0.25883533396133007 0.340850498198394 0.052983381499198345 0.07810722788616967
8 0.35751918415486006 0.5772236415999137 0.040003440322637585 0.06486972909072788
8 0.24633624651806013 0.5140810073925115 0.024151097754679787 0.03265449202644412
8 0.21306081846128314 0.46877802966093834 0.01739522296816058 0.019746434452622596
8 0.09775636575178089 0.503119672183096 0.06101623248768139 0.0722571746722294
8 0.021195298738337635 0.47915542814197654 0.04239059747667527 0.07485276005757927
8 0.005415602787082493 0.47879105224389235 0.010831205574164986 0.09902166909712098
8 0.4601836466917557 0.10742228694686363 0.046360458811798434 0.06834382440039846