8 0.15163409722141066 0.8841210733377314 0.15218965144674668 0.11509305444525093
8 0.062221845507954746 0.8796939321654197 0.12444369101590949 0.12266028429844332
8 0.04784860988803289 0.6863576282140964 0.09569721977606578 0.10596063435392647
8 0.0667640962079764 0.9386908512643688 0.1335281924159528 0.07002921630921262
8 0.021747449206571505 0.7489085655160258 0.04349489841314301 0.11425548719643516
8 0.6161983074376544 0.5687404637241863 0.1712912869224331 0.09538267648858725
8 0.5344712307314651 0.32134211631654264 0.30313495403852225 0.21877058377634648
8 0.006145576333772882 0.6386614358674946 0.012291152667545765 0.07581136740527374
8 0.5335996833604824 0.21698222792126368 0.26941184213754876 0.18789369383837756
8 0.5671978572034558 0.0772891838018533 0.19487257827601506 0.11676818894288235
8 0.4258036239357749 0.23682682064896937 0.11516888928697398 0.08181340702033431
8 0.4834810802605704 0.12903256651482692 0.13570140015275126 0.10307926701051298