8 0.5781066666666667 0.08857999999999998 0.10096000000000004 0.07999999999999999
8 0.84856 0.17714 0.09714666666666653 0.11142000000000002
8 0.6752266666666666 0.07214 0.11618666666666665 0.08428000000000001
8 0.7581066666666667 0.23 0.10285333333333346 0.07141999999999998
8 0.6438133333333333 0.02286 0.12570666666666663 0.04572
8 0.78 0.16786 0.10096000000000004 0.08142000000000002
8 0.3018933333333333 0.43642000000000003 0.12762666666666664 0.05858000000000004
8 0.4571466666666667 0.62714 0.20570666666666662 0.15142000000000008
8 0.8152266666666667 0.26214 0.04570666666666663 0.058580000000000014
8 0.4952266666666667 0.71358 0.1828533333333333 0.1271400000000001
8 0.51904 0.8542799999999999 0.13903999999999997 0.10572000000000002
8 0.5771466666666667 0.67786 0.07618666666666665 0.055720000000000026
8 0.5676266666666667 0.77858 0.09144000000000005 0.07142000000000007