8 0.7932497915066216 0.3340855544450414 0.41350041698675677 0.6258527631302949
8 0.6250745187799391 0.04586599654675719 0.10233934241534089 0.09173199309351437
8 0.6345092712678699 0.3466936712806333 0.20749660474890594 0.2637800745776619
8 0.6129701933872982 0.1492486172408171 0.10946935585557199 0.15742035467399026
8 0.07147073432824423 0.20542471861894332 0.11335434533467997 0.25499039151213687
8 0.2841336406849552 0.3456959455504503 0.20604486533086752 0.3080821594271395
8 0.3401277231022023 0.4528376213027618 0.3793859217555821 0.4214736257832313
8 0.4547418181995253 0.5896216883330766 0.33374514173704445 0.38943881279213144
8 0.41279334745833623 0.8842946328593058 0.13457395836603225 0.1597642701581303
8 0.23200194956121611 0.8351572462928997 0.16586915258625498 0.22934261807786663
8 0.39556636309977145 0.7229671016911557 0.378532404216148 0.2714169421177956