9 0.20982797287033275 0.24578021718043117 0.19448575699723317 0.26190684701887285
9 0.06929869725682887 0.2882239987420774 0.13417544473184265 0.23716228319844043
9 0.06718159480281345 0.46672616509047565 0.1252089777766061 0.23107137779999898
9 0.1822328929271094 0.42983650669878637 0.18770272323104506 0.2528743822557561
9 0.1358652911945186 0.6225270031978344 0.24142394689611654 0.2834674336940241
9 0.4238789033173817 0.30416432769540774 0.30663292467272274 0.5136037714831144
9 0.7503847901856957 0.3821544521990414 0.3540753720028657 0.5738548343487417
9 0.8866191538217931 0.43635028333479786 0.17077830418309128 0.3180735238398254
9 0.9100219180362018 0.694189017307698 0.1799561639275963 0.33326615622441397
9 0.8431607295772386 0.8522550655481316 0.2827928103885147 0.21864923433662092
9 0.3502127630560285 0.6184284292685686 0.29681309898766217 0.44203667560848253
9 0.4954636300118509 0.512083130247615 0.31451329869909234 0.4363613435482224
9 0.756918218755869 0.6277421131520284 0.29915168830940575 0.45099987814856896
9 0.5506338187552832 0.7390874375586969 0.17448575699723315 0.26159516701523666
9 0.2859898054793123 0.8016688025522072 0.28075328600084704 0.39666239489558563
9 0.45128760865358075 0.8684956063774879 0.2612687907634213 0.26300878724502413
9 0.6366686135598539 0.8624272293200813 0.22115242366389995 0.2623224203570546