9 0.30364777929146897 0.8686517139544411 0.14486103881202145 0.21300615603146494
9 0.14267105061071284 0.856461960798891 0.1527563178754242 0.1898768684035834
9 0.12096709320358723 0.6928430074887468 0.13077958919466803 0.19281574271359114
9 0.2499729110333982 0.7082165778224898 0.14082613183315562 0.20457079984540572
9 0.17928640711570545 0.5432645112331201 0.18889594579088714 0.22579507407811647
9 0.48220562422583635 0.7849651488416776 0.21379189158177428 0.43006970231664493
9 0.7585656629466314 0.6702823191651914 0.24997806213572493 0.4803254168690046
9 0.870222410987785 0.6038056257081827 0.11512865898332529 0.2710743179693542
9 0.8562101086006787 0.3703907181034903 0.13116356596219111 0.2808157427135911
9 0.7664945155339312 0.1967040429636728 0.23895412408899666 0.24457035973718994
9 0.369082783072322 0.5172772634042663 0.2155010000912265 0.36729155595416796
9 0.5133329497541931 0.5902834194357311 0.23544282179311676 0.35613500355113076
9 0.7266289923470675 0.4522416420565658 0.2175242714104702 0.3728425673805309
9 0.5264137326440622 0.38114049942027184 0.12688431013126525 0.21638038652753191
9 0.2803730078353855 0.3450327606442969 0.2014777287719827 0.36043447596962735
9 0.41379122485428993 0.2262838595439472 0.19926828689878834 0.3122167978765978
9 0.5838552209822104 0.2594531641181304 0.17082613183315562 0.20783597124084993