2 0.2666023166023166 0.8721538461538462 0.10332046332046331 0.2556923076923078
2 0.03667953667953668 0.8384615384615385 0.07335907335907337 0.3230769230769231
2 0.3036679536679537 0.7144615384615385 0.08972972972972977 0.2702564102564102
2 0.3615830115830116 0.629948717948718 0.06992277992277998 0.21758974358974362
2 0.45339768339768344 0.7733846153846154 0.06992277992277998 0.2217435897435898
2 0.4836679536679537 0.5869743589743589 0.05320463320463321 0.15384615384615377
2 0.5504633204633205 0.6216410256410256 0.05949806949806959 0.1954358974358975
2 0.5916602316602317 0.5453846153846154 0.04590733590733585 0.18158974358974359
2 0.6902702702702703 0.4941025641025641 0.044864864864864885 0.17323076923076924
2 0.7242084942084942 0.46225641025641023 0.031312741312741366 0.11225641025641034
2 0.766988416988417 0.4331282051282051 0.029227799227799202 0.13169230769230772
2 0.7904633204633205 0.4372820512820513 0.04069498069498077 0.13169230769230772