2 0.3662696814666448 0.891170421544777 0.32566141491128353 0.21765915691044593
2 0.13258214848155406 0.7238895695316288 0.2651642969631081 0.30923044719332105
2 0.38407018063944015 0.6379657998743813 0.5015496064166263 0.5467206535039126
2 0.7007274151027435 0.5500436394506096 0.2261338325061285 0.2553992940767606
2 0.5655894778448854 0.5114998444253775 0.24011721164254224 0.30009409612864424
2 0.17852414139419348 0.2575275471158508 0.1690287546408923 0.1792726848432848
2 0.39689148112380224 0.29866709936141034 0.0993953297013986 0.08970127355792533
2 0.48424031354915187 0.2767222713804231 0.09385867219534798 0.09860387253198365
2 0.6752361583332552 0.266392675639131 0.15117161178374955 0.17919476747974525
2 0.5774375960652999 0.25703555871109185 0.12549133246573924 0.138912306233121
2 0.8375850159906887 0.10412153088504546 0.14480350738503828 0.1702402235966606
2 0.5026549152239121 0.20089434537384893 0.14251702843022143 0.12113308073951774
2 0.6147108447033244 0.22370925058102817 0.10742632788543122 0.13437010315529566