2 0.906070549630845 0.8146067415730337 0.06480721903199343 0.12359550561797752
2 0.6570959803117309 0.7598314606741573 0.054142739950779326 0.1348314606741573
2 0.4700574241181296 0.6846910112359551 0.06890894175553733 0.17275280898876405
2 0.46472518457752254 0.4515449438202247 0.043478260869565216 0.11376404494382023
2 0.39089417555373257 0.3553370786516854 0.03855619360131255 0.12640449438202248
2 0.42616899097621 0.33497191011235955 0.03691550451189499 0.1502808988764045
2 0.5968006562756357 0.672752808988764 0.030352748154224774 0.15168539325842698
2 0.448318293683347 0.25842696629213485 0.027071369975389663 0.03932584269662921
2 0.3363412633305988 0.3672752808988764 0.029532403609515995 0.07724719101123595
2 0.5492206726825266 0.6404494382022472 0.03527481542247744 0.10393258426966293
2 0.872436423297785 0.9199438202247191 0.05824446267432322 0.08426966292134831