11 0.173828125 0.6916666666666667 0.24765625 0.38333333333333336
11 0.3921875 0.5805555555555556 0.18125 0.3888888888888889
11 0.606640625 0.7527777777777778 0.21796875 0.4166666666666667
11 0.83046875 0.6548611111111111 0.2140625 0.4263888888888889
11 0.125390625 0.32013888888888886 0.17265625 0.2986111111111111
11 0.337109375 0.19236111111111112 0.14453125 0.2569444444444444
11 0.509765625 0.3541666666666667 0.09296875 0.18333333333333332
11 0.56015625 0.24861111111111112 0.1765625 0.4166666666666667
11 0.722265625 0.3736111111111111 0.16953125 0.26944444444444443
11 0.861328125 0.3229166666666667 0.06796875 0.15694444444444444
11 0.948828125 0.36944444444444446 0.07578125 0.17777777777777778