8 0.09754519951881296 0.06064296351650146 0.09004838223090324 0.1163813245762968
8 0.10812423546061783 0.09338774852412188 0.07514680345549254 0.11007670270426805
8 0.16164963613184202 0.1547797677728517 0.0857488533473996 0.11337615171398356
8 0.26254468878273923 0.2814830132689764 0.09214922256703773 0.11647941662543096
8 0.24127444335403167 0.423515289621092 0.07236102564071474 0.09031568930681919
8 0.3871418668093501 0.5467095366455105 0.10363190636005767 0.14505976451155086
8 0.31704857156631117 0.3709649201581557 0.13143207178597932 0.16037990497051935
8 0.4056263344232799 0.3849162468959461 0.05545645474040433 0.08672196414970142
8 0.305545925721804 0.9439317416683348 0.051887891235748385 0.04448904063989313
8 0.4463281383983276 0.9744917410993711 0.0651778707311984 0.05101651780125785
8 0.43983845389049175 0.6445203177776905 0.0705537299382846 0.09864456354982006
8 0.344368184552298 0.5531256159303958 0.05926674256773414 0.07568219319178973
8 0.35176715362897304 0.4945782661065555 0.05926674256773414 0.07568219319178973
8 0.421604243522273 0.42211974517246925 0.0678658003347415 0.08169253891641627