8 0.8727956624120755 0.3693770806114661 0.0507890112786961 0.08336951089576328
8 0.7481305605509185 0.26987909720721254 0.03795951267291087 0.0539333831718225
8 0.764565898665014 0.46377120883961 0.03598957572396717 0.05996486188449897
8 0.6797589761098258 0.4664805816198722 0.05516168956749318 0.09943155347041017
8 0.608574163127824 0.48026956603253196 0.03815187017998168 0.06643338317182242
8 0.5460153470307625 0.5839187259395595 0.03791142329614328 0.050808383171822416
8 0.7313156899182739 0.4547675494367855 0.029646960486225928 0.04993429802252862
8 0.4193133566511025 0.8899823276846 0.07639991911349876 0.13911676634364484
8 0.45030163719123084 0.6175174658001008 0.04425403853388429 0.06083894703379293
8 0.24642684267272755 0.4810107913141392 0.05054856439485771 0.06774451089576328
8 0.4619263101300278 0.3643160561451748 0.048819074329752174 0.08940098960843983
8 0.3116734813731865 0.14858106754514122 0.046752958627272835 0.08918246832111634
8 0.22896017420592313 0.421821461612727 0.06323379487033984 0.08780563861970414
8 0.2709531482824611 0.25931075393527236 0.03815187017998168 0.0664333831718225
8 0.1868426579411388 0.24003586607187294 0.05684309025583108 0.07465007475773362
8 0.13358049875596895 0.2754049195422831 0.023304345248484862 0.039903734160558105
8 0.09864543432382922 0.02920689875916275 0.06092723228402208 0.0584137975183255
8 0.04617588610606063 0.04521966485070612 0.05924583159568417 0.09043932970141225
8 0.38865047300789735 0.30946430120149626 0.048770984952984354 0.08627598960843982
8 0.39821162149201117 0.258371694764879 0.042187922831404955 0.0606204257464694
8 0.27407809402309485 0.3951389932916106 0.04233219096170794 0.0699954257464694
8 0.41260661609054217 0.5886383489719234 0.03180925494224067 0.05640281930985207
8 0.29116177497428863 0.5639218442803463 0.021045872038934772 0.027185212873234832
8 0.25031949094311323 0.532245509383154 0.014703256801193767 0.01715464901126431
8 0.14377112788438967 0.6014211163239744 0.052518501343801705 0.06171303218308673
8 0.059973218492057265 0.6024587284605749 0.042284101584940344 0.06687042574646931
8 0.029125751085170223 0.615111547770427 0.04065079027337011 0.09477690445914604
8 0.4331895928053261 0.1106883115930565 0.03805569142644628 0.06018338317182246