8 0.22 0.3670133333333333 0.38105999999999995 0.5178933333333334
8 0.40842 0.07018666666666666 0.08210000000000002 0.12069333333333335
8 0.39736 0.38104 0.16948000000000002 0.21474666666666664
8 0.41894 0.19368 0.08841999999999996 0.13192
8 0.94526 0.26176 0.10105999999999994 0.22597333333333336
8 0.73052 0.38736 0.16422000000000003 0.25824
8 0.67684 0.48911999999999994 0.32 0.33544000000000007
8 0.5679 0.6168533333333334 0.2789400000000001 0.3129866666666667
8 0.6063200000000001 0.9024533333333333 0.11157999999999993 0.1347466666666666
8 0.7794800000000001 0.8554400000000001 0.13368000000000008 0.18946666666666653
8 0.62264 0.7459733333333334 0.33577999999999997 0.18946666666666662