8 0.19983000674066714 0.3873280390582015 0.39161239200254233 0.6911824312003672
8 0.31374377688154054 0.04385871741748365 0.10709454227167003 0.0877174348349673
8 0.34502981392258447 0.3672409537464927 0.22954274220471002 0.30166598045935067
8 0.3425882168619678 0.14579309560257733 0.12185207982349991 0.17790976556760954
8 0.9399221835500958 0.10710097751391877 0.1201556328998084 0.21420195502783754
8 0.7300036658373903 0.2754183994698891 0.22960164124752172 0.351083717529146
8 0.6826255248671534 0.4089967822683247 0.42116226388867517 0.4877268637467668
8 0.5754823522624855 0.5885951948289869 0.36836014288976526 0.44758788673567906
8 0.65678400527441 0.8695356568095713 0.14242535328405773 0.12472618368953255
8 0.8499424575652235 0.7767008988346007 0.17930536361310725 0.21859215042668467
8 0.6576955838299569 0.7179635750631715 0.4200913865959296 0.3208401121647102