9 0.69632 0.84 0.14209999999999992 0.19509333333333326
9 0.8563200000000001 0.8491200000000001 0.15052 0.17122666666666678
9 0.88 0.6891200000000001 0.12842000000000006 0.1768533333333334
9 0.75052 0.6870133333333334 0.13894000000000006 0.18666666666666668
9 0.82316 0.53192 0.18525999999999998 0.1993066666666667
9 0.51842 0.7347466666666665 0.20526 0.4056266666666667
9 0.24316 0.5824533333333333 0.24209999999999995 0.44912
9 0.13158 0.5010399999999999 0.10948000000000002 0.25544000000000006
9 0.14842 0.26946666666666663 0.12632 0.2638666666666667
9 0.23893999999999999 0.10666666666666667 0.23577999999999996 0.21333333333333335
9 0.63264 0.48 0.21051999999999998 0.33965333333333336
9 0.48948 0.5340266666666666 0.22948000000000002 0.32421333333333335
9 0.27736 0.3677066666666666 0.21158000000000005 0.3452533333333334
9 0.47683999999999993 0.32421333333333335 0.12421999999999997 0.1993066666666666
9 0.72264 0.32 0.19683999999999993 0.33402666666666664
9 0.5910599999999999 0.18455999999999997 0.19474 0.2849066666666667
9 0.42106 0.19437333333333334 0.16841999999999996 0.18666666666666668