2 0.2850217686604482 0.11531947530635547 0.12216708944444851 0.23063895061271095
2 0.05403568312940081 0.1459747652846577 0.09262735081478618 0.2919495305693154
2 0.3198872617106665 0.25728932139060734 0.10766687858129112 0.2815791795219766
2 0.37623341260394727 0.34196167640145625 0.08301773393106232 0.22409443789658956
2 0.4711160365748688 0.20149767833971488 0.0831525631568993 0.22922264302479467
2 0.499270741096856 0.3901667828681739 0.06595576777700461 0.1618396528813742
2 0.5640988313789004 0.35635317732273947 0.0708954054447034 0.20304437477620368
2 0.604731308376492 0.43148544555393187 0.058907906184181215 0.18712251678402295
2 0.7047374429292144 0.48589324236398546 0.05877307695834413 0.1819943116558178
2 0.7365692783981033 0.5203580313079137 0.03771527771744579 0.1144322406432089
2 0.777918794293665 0.5492469129506657 0.03825459462079325 0.1349450611560294
2 0.8029479047772716 0.5455187847368382 0.0499724354296417 0.14061050889179988