2 0.3455670103092784 0.8408494208494208 0.22525773195876295 0.2545559845559846
2 0.16226804123711341 0.6120463320463321 0.20237113402061854 0.24308880308880307
2 0.4171649484536083 0.576988416988417 0.28829896907216496 0.4332818532818533
2 0.7025773195876289 0.5469884169884169 0.12984536082474227 0.20447876447876445
2 0.5985051546391753 0.49621621621621625 0.12407216494845365 0.24308880308880307
2 0.32742268041237116 0.22378378378378375 0.09737113402061856 0.1444401544401544
2 0.5021134020618556 0.291003861003861 0.061082474226804094 0.0700772200772201
2 0.581340206185567 0.28312741312741313 0.05917525773195871 0.07722007722007722
2 0.7455154639175258 0.3038610038610039 0.0821134020618557 0.14158301158301156
2 0.664381443298969 0.28243243243243243 0.07252577319587625 0.11011583011583012
2 0.9345360824742268 0.18945945945945944 0.10881443298969079 0.13297297297297295
2 0.6128350515463917 0.22166023166023166 0.09164948453608247 0.0915057915057915
2 0.7035051546391752 0.2595366795366795 0.05536082474226809 0.10725868725868726