2 0.13824858757062147 0.5102580645161291 0.13952919020715632 0.24340322580645157
2 0.40617702448210924 0.45161290322580644 0.14295668549905832 0.29325806451612896
2 0.8127871939736346 0.836516129032258 0.10700564971751422 0.32404838709677425
2 0.8966760828625235 0.6033709677419354 0.05221280602636539 0.16862903225806444
2 0.6099152542372882 0.6994193548387097 0.10186440677966108 0.3225806451612903
2 0.5388606403013183 0.5784516129032258 0.14124293785310735 0.28591935483870967
2 0.25980225988700567 0.5403225806451613 0.14980225988700568 0.1803548387096773
2 0.6266007532956686 0.40469354838709676 0.1352542372881355 0.31085483870967734
2 0.7811205273069679 0.3291774193548387 0.12069679849340872 0.1979516129032258
2 0.3381261770244821 0.2639354838709677 0.12498116760828627 0.14075806451612902
2 0.4125988700564972 0.3548387096774194 0.1472316384180791 0.3900322580645161