2 0.8762398029442117 0.3790340557812358 0.17732161859664433 0.31400045794050013
2 0.5738207109102521 0.5131627579234896 0.1844196295032494 0.37371246028380856
2 0.08444241074856411 0.2090800690835274 0.14183402203727066 0.33373259320045284
2 0.021488137120768712 0.46086745073657714 0.03557109518108148 0.20048732074906794
2 0.3239949763860301 0.28225657555954126 0.1392295547294345 0.39646918462139136
2 0.41348301146732747 0.4020327412604682 0.18214178276129123 0.3624504348113476
2 0.7354149269112058 0.3758805263060012 0.18417952718184757 0.24415828783485372
2 0.3252969292153893 0.6222223047357057 0.17703277955658508 0.3917027785376031
2 0.15437134367493616 0.7471829594259672 0.1518820115804991 0.2585612390812752
2 0.6651844091159923 0.7106412442215196 0.15336644628026555 0.19204548677595817
2 0.5738813509840153 0.6252752521412016 0.19529333501806884 0.485502686020993