2 0.7408347489340489 0.49952669109945647 0.12373570724010745 0.20268435777570742
2 0.6468696564954565 0.10681677836412681 0.06672346375126387 0.10557975872421423
2 0.5426378594779595 0.21635764811459166 0.0896038893876893 0.14684095318352117
2 0.6834430012762012 0.6474404328307022 0.1186746099742101 0.17025030316942605
2 0.4348091561954561 0.6578450604884286 0.13068128459908468 0.20902606168940227
2 0.5809605892760892 0.6359255656006071 0.14513890112370112 0.23985463080711428
2 0.6528913230077229 0.7591703913694717 0.10349504410564406 0.15952436101091053
2 0.2943296928910928 0.6931333792211561 0.18995937531457538 0.3787113059021858
2 0.08917977421777415 0.589341156743875 0.10509815625995626 0.16764754050332695
2 0.14108827255297243 0.7904523910468109 0.21748619801839805 0.3094373837676037
2 0.08384838665188656 0.6950999358923473 0.13460945825165826 0.20516979371503835